city<-c("서울", "부산", "대구", "인천", "광주", "대전", "울산")  #도시변수 입력
pm25<-c(14, 9, 11, 13, 11, 9, 8)
lat<-c(37.56793, 35.18, 35,87705, 37.45773, 35.16033, 36.35057, 35.53987)    #latitude위도
lon<-c(126.9781, 129.075, 128.6007, 126.7022, 126.8514, 127.3848, 129.3115)    #longitude경도